[cordoba]
lat=-31.420083
lon=-64.188776
[fakecity]
lat=-30.420083
lon=-63.188776
