[breeding_site]
amount=50.0
outside_capacity=1.45390630e+00,1.35934986e+00,7.69690200e-01,1.37798108e+03,4.97550000e+02,3.26025000e+04
inside_capacity=0.5,
outside_distribution=0.05,0.2,0.22,0.01,0.01,0.01
inside_distribution=0.5,
outside_surface=4.71435248e+02, 8.09136823e+01, 1.53938040e+02, 9.50331778e+03, 1.65850000e+04,2.41500000e+05

[location]:
name= cordoba

[simulation]
start_date=2017-7-1
end_date=2018-5-5
initial_condition= 100.,100.,100.,100.,100.,100.,100., 0,0,0,0,0,0,0, 0,0,0,0,0,0,0, 0, 0, 0,0,0,0,0,0

[biology]
alpha0=1.5,1.5,1.5,1.5,1.5,1.5,1.5
